# 
#     height         thl          qt            u            v          TKE
          10      296.466     0.014517     -5.08981     -1.78377     0.996667
          40      296.486    0.0143521     -5.27315     -1.83823     0.986667
          80       296.46    0.0142444      -5.3904     -1.86751     0.973333
         120      296.448    0.0141904     -5.44598     -1.87772         0.96
         160      296.439    0.0141523     -5.48276     -1.88207     0.946667
         200      296.434     0.014121     -5.51078      -1.8837     0.933333
         240       296.43    0.0140938     -5.53302      -1.8832         0.92
         280      296.426    0.0140686     -5.55199     -1.88179     0.906667
         320      296.423    0.0140441     -5.56851     -1.87904     0.893333
         360       296.42     0.014019     -5.58316     -1.87472         0.88
         400      296.419    0.0139923      -5.5971     -1.86953     0.866667
         440      296.419     0.013962     -5.61053     -1.86307     0.853333
         480       296.42    0.0139272     -5.62322     -1.85442         0.84
         520      296.424    0.0138769     -5.63501     -1.84083     0.826667
         560      296.433    0.0137944     -5.64621     -1.81981     0.813333
         600      296.463    0.0136287     -5.64999     -1.78559          0.8
         640      296.549    0.0132861     -5.63575     -1.73346     0.786667
         680      296.752    0.0126499     -5.60008     -1.68049     0.773333
         720      297.038    0.0117095       -5.541     -1.63443         0.76
         760      297.252    0.0112058     -5.49119      -1.6363     0.746667
         800      297.353    0.0110519     -5.45859      -1.6759     0.733333
         840      297.452    0.0109018     -5.43301     -1.72846         0.72
         880      297.584    0.0107024     -5.41273     -1.79266     0.706667
         920      297.794    0.0104079     -5.39884     -1.88297     0.693333
         960      298.187   0.00988149     -5.39998     -2.01742         0.68
        1000      298.664   0.00914358     -5.41459     -2.19209     0.666667
        1040      299.248   0.00824959     -5.43215     -2.41484     0.653333
        1080      300.002   0.00712024     -5.45741     -2.70378         0.64
        1120      300.738   0.00610157     -5.47386      -2.9699     0.626667
        1160      301.268   0.00553371     -5.45725      -3.1267     0.613333
        1200      301.688   0.00523506      -5.4122     -3.20671          0.6
        1240      302.069   0.00507173     -5.35729     -3.23493     0.586667
        1280      302.362    0.0050252     -5.30003     -3.17571     0.573333
        1320      302.517   0.00501414     -5.23598     -3.01798         0.56
        1360      302.611   0.00500279     -5.15865     -2.83092     0.546667
        1400      302.724   0.00498022     -5.06039      -2.6853     0.533333
        1440      302.858   0.00494153      -4.9327     -2.58237         0.52
        1480      302.995    0.0048864     -4.78071      -2.5071     0.506667
        1520      303.149   0.00481469     -4.62189     -2.47592     0.493333
        1560      303.326   0.00471449     -4.45663     -2.47311         0.48
        1600      303.521   0.00458738     -4.28363     -2.47495     0.466667
        1640      303.726   0.00445003     -4.11619     -2.48145     0.453333
        1680       303.94   0.00430372     -3.95927     -2.49616         0.44
        1720      304.165   0.00414783     -3.81206     -2.52285     0.426667
        1760      304.397   0.00398762     -3.67216     -2.56246     0.413333
        1800      304.629   0.00384198     -3.53956     -2.61095          0.4
        1840      304.855   0.00372699     -3.42221     -2.66705     0.386667
        1880      305.079   0.00363094     -3.31699     -2.73156     0.373333
        1920      305.299   0.00355566     -3.21579     -2.80388         0.36
        1960      305.512   0.00350504     -3.11099       -2.883     0.346667
        2000      305.714   0.00349734     -2.99029     -2.96825     0.333333
        2040      305.904   0.00351357     -2.85497     -3.06035         0.32
        2080      306.086   0.00354233     -2.70849     -3.15798     0.306667
        2120      306.262   0.00357928     -2.54985     -3.26065     0.293333
        2160      306.433    0.0036189      -2.3671     -3.36863         0.28
        2200      306.596   0.00366597     -2.15425     -3.48345     0.266667
        2240      306.753   0.00371794     -1.92212     -3.60438     0.253333
        2280      306.906   0.00377449     -1.67244     -3.73243         0.24
        2320      307.073   0.00380394      -1.4316     -3.86746     0.226667
        2360      307.247   0.00381425     -1.18883      -4.0119     0.213333
        2400      307.427   0.00380576    -0.943188     -4.16608          0.2
        2440      307.616   0.00374782    -0.688958     -4.33745     0.186667
        2480      307.829   0.00367209    -0.472716     -4.49784     0.173333
        2520      308.066   0.00357902    -0.293507     -4.64752         0.16
        2560      308.374   0.00342085    -0.275764     -4.75735     0.146667
        2600      308.705   0.00321655    -0.312431     -4.85782     0.133333
        2640      309.063   0.00295365    -0.416305     -4.94698         0.12
        2680      309.441   0.00264584    -0.568368     -5.01433     0.106667
        2720      309.827    0.0023406    -0.732435     -5.06145    0.0933333
        2760      310.226   0.00206357    -0.908385     -5.06096         0.08
        2800      310.632   0.00180894     -1.11726     -4.99927    0.0666667
        2840      311.043   0.00156735     -1.34528     -4.90198    0.0533333
        2880      311.458   0.00134928     -1.60418     -4.72912         0.04
        2920       311.87   0.00115556      -1.8277     -4.54935    0.0266667
        2960      312.276   0.00101847     -1.96551     -4.35722    0.0133333
        3000      312.662  0.000927012     -2.02605     -4.16186            0
        3040      313.034  0.000867748     -2.03207     -3.96422            0
        3080       313.37  0.000833295     -1.99677     -3.74856            0
        3120      313.698  0.000803991     -1.95261     -3.52934            0
        3160      314.012  0.000782718     -1.89187     -3.30646            0
        3200      314.325   0.00076227      -1.8241     -3.08616            0
        3240      314.639  0.000743898     -1.73861     -2.87232            0
        3280      314.952  0.000727179     -1.63404     -2.66022            0
        3320      315.263  0.000712417     -1.50689     -2.45017            0
        3360      315.571  0.000700217     -1.36817     -2.24855            0
        3400      315.877  0.000689718     -1.22176     -2.05251            0
        3440      316.183  0.000680376     -1.08653     -1.87759            0
        3480       316.49  0.000671499    -0.955786     -1.71117            0
        3520      316.801  0.000662908    -0.832588      -1.5598            0
        3560      317.113  0.000654392    -0.711348     -1.41233            0
        3600      317.422  0.000646935    -0.601315     -1.28449            0
        3640      317.732  0.000639676    -0.493371     -1.16031            0
        3680      318.027  0.000635252    -0.436667     -1.10224            0
        3720       318.32  0.000631291    -0.388351     -1.05501            0
        3760      318.598  0.000630949    -0.377501     -1.05643            0
        3800      318.873  0.000631281    -0.373642     -1.06694            0
        3840      319.136  0.000634073    -0.379344     -1.12001            0
        3880      319.396  0.000637509    -0.387547      -1.1842            0
        3920      319.638   0.00064064    -0.402488     -1.26101            0
        3960      319.873  0.000643646    -0.420204       -1.343            0
        4000       320.09  0.000645735    -0.450921     -1.44554            0
        4040      320.294  0.000647186    -0.490696      -1.5624            0
        4080      320.486  0.000648312     -0.54242     -1.70225            0
        4120      320.661  0.000649019    -0.609654     -1.87193            0
        4160      320.831  0.000649522    -0.676476     -2.04593            0
        4200      320.987  0.000649396    -0.742032     -2.23325            0
        4240      321.142  0.000649236     -0.80733     -2.42039            0
        4280      321.277  0.000647315    -0.859035      -2.5982            0
        4320      321.412  0.000645393    -0.910739       -2.776            0
        4360      321.531  0.000641974    -0.957557     -2.95218            0
        4400      321.645  0.000638069     -1.00279     -3.12783            0
        4440      321.755  0.000633452     -1.03992     -3.30753            0
        4480       321.86  0.000627978      -1.0673     -3.49209            0
        4520      321.966  0.000622254     -1.09105     -3.67815            0
        4560      322.072  0.000614599     -1.08669     -3.87574            0
        4600      322.178  0.000606944     -1.08234     -4.07333            0
        4640      322.283  0.000597235     -1.05003     -4.28014            0
        4680      322.387  0.000586789     -1.00768     -4.49026            0
        4720      322.493  0.000576014    -0.957786     -4.70208            0
        4760      322.602  0.000564532    -0.891716     -4.91756            0
        4800       322.71   0.00055305    -0.825645     -5.13305            0
        4840      322.831   0.00054076    -0.731352     -5.35529            0
        4880      322.955  0.000528339     -0.63245     -5.57865            0
        4920      323.083  0.000515529    -0.517398     -5.80489            0
        4960       323.22  0.000502028    -0.373691     -6.03627            0
     5003.66      323.369  0.000487292    -0.216843     -6.28881            0
     5051.31      323.534  0.000475117   -0.0208568     -6.54652            0
     5103.32      323.715  0.000462172     0.195233     -6.82622            0
     5160.08      323.911  0.000455695     0.447578      -7.0971            0
     5222.04      324.125  0.000450413     0.727858     -7.38304            0
     5289.66      324.359  0.000449988      1.05472     -7.65537            0
     5363.46      324.599  0.000451518      1.39467     -7.90692            0
     5444.02      324.842  0.000456371      1.74462     -8.12589            0
     5531.94      325.063  0.000469838      2.09009     -8.27539            0
      5627.9      325.266   0.00049007       2.4141      -8.3757            0
     5732.64      325.463  0.000506323      2.56803     -8.45539            0
     5846.95      325.643  0.000515045      2.57753     -8.52818            0
     5971.72      325.833  0.000517617      2.46203     -8.58976            0
      6107.9      326.113  0.000508916      2.11631     -8.58091            0
     6256.53      326.537  0.000473783      1.28424      -8.4163            0
     6418.76      327.174  0.000486872     0.028516     -8.29475            0
     6595.82       328.03  0.000570715     -1.42963     -8.27213            0
     6789.07      328.875  0.000595091     -2.23161     -8.90105            0
        7000      329.603  0.000562751     -2.47676     -10.4809            0
